18
   8    2     51.802     57.432    -29.892 4
   4    6     53.907     55.982    -65.466 4
  -1   -2     41.476     68.754     70.342 4
   6    4     47.559     58.823     -5.767 4
   3    9     66.402     41.999     -0.894 4
  -1   11     52.958     49.028     21.228 4
  -1   -2     32.484     67.686      5.989 4
  -1   -2     37.801     84.022     85.109 4
   9    8     30.893     53.949     37.877 4
  -1   14     17.719     64.699      6.867 4
  -1    1     37.226     52.976    -55.116 4
  -1   -2     45.677     59.852     -0.656 4
  -1   -2     42.811     75.089     71.158 4
  -1   -2     49.295     62.132     37.704 4
  -1   -2     54.509     35.229    -79.820 4
  -1   -2     58.091     65.365     49.839 4
   5    0     52.655     50.329    -55.946 4
   2   -2     22.301     65.018     -1.031 4
